100
0 5 89.251
0 6 35.260
0 8 55.025
0 10 92.742
0 14 45.366
0 16 88.686
0 22 17.542
0 23 34.642
0 27 22.617
0 29 12.679
0 30 83.375
0 31 77.757
0 33 57.962
0 35 49.865
0 37 20.046
0 38 31.679
0 40 86.155
0 41 80.932
0 42 48.930
0 45 4.723
0 54 78.330
0 56 50.964
0 60 0.373
0 61 88.141
0 62 82.818
0 63 95.118
0 65 4.130
0 72 54.916
0 73 65.857
0 76 76.438
0 79 42.374
0 82 16.936
0 83 33.619
0 85 47.680
0 86 96.949
0 87 26.129
0 91 44.025
0 92 83.944
0 94 10.437
0 96 42.401
0 97 97.549
1 2 72.278
1 5 48.959
1 6 84.267
1 9 39.187
1 13 12.784
1 16 74.279
1 17 28.405
1 21 41.370
1 23 1.820
1 24 86.273
1 26 33.062
1 30 57.924
1 31 65.140
1 32 49.369
1 33 7.698
1 35 56.433
1 37 46.459
1 38 44.249
1 39 85.623
1 42 57.147
1 43 29.178
1 44 65.512
1 45 58.954
1 46 73.167
1 47 38.370
1 53 26.612
1 54 73.895
1 55 67.218
1 56 4.020
1 58 93.785
1 59 0.937
1 64 76.166
1 65 37.951
1 66 52.577
1 67 32.954
1 68 23.409
1 69 60.531
1 72 45.986
1 74 24.185
1 75 54.141
1 76 38.355
1 79 42.875
1 82 6.200
1 85 28.642
1 88 52.240
1 90 41.239
1 92 70.934
1 99 47.745
2 5 45.884
2 10 38.068
2 13 94.269
2 15 70.023
2 16 47.383
2 17 58.521
2 22 32.694
2 23 62.792
2 24 83.044
2 25 29.280
2 26 71.719
2 27 90.054
2 28 88.682
2 29 74.678
2 30 10.750
2 31 41.364
2 32 83.437
2 34 80.696
2 35 72.588
2 39 42.779
2 41 52.961
2 44 44.646
2 46 11.790
2 49 91.961
2 50 38.476
2 52 29.985
2 58 65.232
2 60 81.933
2 62 83.713
2 63 97.898
2 64 76.425
2 65 64.873
2 66 92.966
2 67 1.796
2 68 70.637
2 69 71.092
2 72 26.277
2 74 50.579
2 75 53.068
2 76 59.904
2 78 74.174
2 82 13.493
2 83 62.355
2 85 80.452
2 87 52.159
2 89 66.618
2 92 46.177
2 95 12.802
2 96 88.618
3 6 67.157
3 8 22.947
3 9 11.041
3 10 76.913
3 11 96.717
3 12 95.854
3 13 24.253
3 14 10.221
3 16 88.661
3 17 0.966
3 18 94.426
3 19 15.806
3 20 82.938
3 25 34.864
3 27 29.356
3 28 57.866
3 29 97.847
3 35 47.459
3 36 77.983
3 37 48.641
3 38 78.008
3 39 25.320
3 40 73.124
3 42 62.736
3 44 40.053
3 45 79.819
3 47 27.299
3 48 11.931
3 49 2.765
3 50 63.575
3 51 37.026
3 52 53.884
3 53 96.696
3 54 55.701
3 55 26.814
3 57 9.327
3 59 74.676
3 64 26.635
3 65 9.040
3 66 59.804
3 70 85.756
3 75 84.826
3 77 38.738
3 79 80.978
3 82 47.916
3 84 85.602
3 85 33.181
3 86 38.411
3 87 44.324
3 88 22.741
3 90 36.877
3 91 91.437
3 92 82.455
3 93 88.390
3 95 62.413
3 97 17.679
4 5 58.925
4 6 85.006
4 7 39.678
4 15 52.226
4 17 71.249
4 18 67.580
4 19 35.379
4 21 69.483
4 22 11.356
4 24 16.218
4 28 89.833
4 30 48.499
4 33 34.370
4 35 52.815
4 37 97.818
4 39 0.237
4 40 82.566
4 41 82.424
4 43 14.625
4 47 25.908
4 50 51.744
4 51 79.757
4 52 77.970
4 56 61.661
4 58 64.414
4 63 33.811
4 65 42.777
4 66 90.310
4 68 19.210
4 71 20.394
4 72 21.786
4 73 3.046
4 75 23.896
4 77 69.555
4 78 60.596
4 79 92.819
4 82 90.819
4 84 98.440
4 90 86.160
4 91 93.479
4 92 77.137
4 95 72.403
4 97 53.512
4 98 56.495
4 99 59.826
5 7 72.539
5 8 59.389
5 9 41.209
5 10 97.626
5 15 12.277
5 17 51.639
5 21 24.592
5 22 41.415
5 27 97.703
5 30 16.636
5 31 30.627
5 33 33.014
5 36 78.628
5 37 59.179
5 38 59.903
5 40 78.988
5 41 40.297
5 44 83.882
5 45 14.430
5 48 94.322
5 49 62.351
5 51 75.134
5 52 16.846
5 54 50.232
5 56 61.747
5 58 33.835
5 60 44.849
5 61 80.877
5 66 69.367
5 68 97.698
5 71 31.230
5 73 60.126
5 77 53.141
5 78 20.590
5 79 74.214
5 80 87.586
5 81 60.517
5 82 41.298
5 84 64.562
5 86 28.894
5 89 31.735
5 91 57.045
5 92 54.390
5 94 52.514
5 95 86.008
5 96 53.027
5 98 63.971
5 99 82.852
6 7 75.318
6 8 88.214
6 10 6.687
6 11 3.908
6 12 22.940
6 14 73.106
6 16 67.200
6 18 12.544
6 19 25.228
6 21 31.195
6 22 65.603
6 23 84.702
6 25 35.138
6 26 54.768
6 27 40.197
6 29 3.924
6 30 76.180
6 33 87.985
6 34 51.872
6 37 25.672
6 38 19.702
6 41 85.128
6 44 43.937
6 45 62.311
6 47 43.732
6 48 0.524
6 49 18.083
6 51 20.449
6 54 94.462
6 57 66.239
6 58 80.597
6 59 30.699
6 60 95.341
6 63 4.397
6 65 90.171
6 69 76.654
6 70 88.421
6 72 66.746
6 73 29.792
6 75 70.538
6 77 60.927
6 79 82.785
6 82 34.033
6 83 90.073
6 85 77.555
6 86 61.773
6 87 64.218
6 88 54.140
6 89 51.895
6 92 32.084
6 93 90.771
6 94 28.710
6 97 18.658
6 99 20.269
7 8 31.444
7 9 92.483
7 10 70.996
7 11 70.054
7 13 20.656
7 15 24.743
7 18 13.293
7 19 30.338
7 20 37.477
7 24 34.864
7 27 36.171
7 30 82.483
7 31 62.575
7 34 27.271
7 39 33.056
7 42 1.226
7 46 3.157
7 49 41.486
7 50 81.634
7 54 29.228
7 55 79.052
7 56 34.505
7 57 11.510
7 58 84.201
7 61 29.694
7 62 38.785
7 66 66.320
7 68 27.195
7 69 61.514
7 75 76.900
7 76 87.870
7 77 46.207
7 79 27.904
7 80 52.724
7 82 34.787
7 84 35.777
7 86 55.047
7 88 0.001
7 90 64.184
7 92 46.854
7 93 64.126
7 94 12.501
7 95 45.813
7 99 56.874
8 10 79.414
8 12 81.520
8 15 34.229
8 16 41.886
8 20 2.919
8 23 86.636
8 24 73.712
8 26 55.184
8 27 35.359
8 28 32.748
8 29 95.878
8 32 69.990
8 33 67.887
8 34 8.507
8 35 87.109
8 37 79.068
8 42 89.394
8 44 59.341
8 45 21.318
8 47 41.158
8 49 5.754
8 52 89.845
8 53 68.190
8 54 76.946
8 56 19.403
8 58 19.308
8 60 83.358
8 63 58.060
8 64 56.874
8 65 88.165
8 66 90.056
8 67 91.035
8 69 77.386
8 70 29.401
8 73 93.055
8 78 73.081
8 81 30.810
8 82 28.119
8 83 77.720
8 84 74.144
8 85 49.221
8 86 73.666
8 87 57.612
8 89 88.368
8 90 74.620
8 92 64.160
8 93 66.477
8 94 40.441
8 95 11.051
8 97 20.598
9 11 98.353
9 13 10.175
9 14 25.889
9 17 35.141
9 18 85.911
9 19 8.900
9 21 61.201
9 22 14.514
9 23 43.200
9 24 86.846
9 26 73.058
9 27 98.550
9 30 88.256
9 34 64.538
9 35 45.352
9 37 60.392
9 39 87.093
9 40 72.608
9 42 87.025
9 43 84.380
9 44 8.615
9 46 95.291
9 47 91.712
9 50 58.931
9 52 33.746
9 53 94.083
9 55 50.665
9 57 3.936
9 58 34.549
9 59 90.357
9 60 54.552
9 62 8.491
9 63 61.543
9 66 56.166
9 67 85.326
9 69 0.060
9 70 77.507
9 73 32.735
9 74 47.644
9 75 18.732
9 77 96.712
9 79 73.462
9 80 6.205
9 82 1.542
9 86 22.990
9 87 67.405
9 88 23.206
9 93 2.510
9 94 26.854
9 95 70.647
9 99 46.586
10 12 86.499
10 13 82.828
10 16 54.930
10 17 0.812
10 18 32.979
10 20 97.032
10 21 70.876
10 22 47.421
10 23 52.005
10 24 20.992
10 27 89.505
10 33 90.513
10 34 22.297
10 39 15.972
10 40 67.721
10 41 45.747
10 43 95.996
10 44 54.879
10 48 96.000
10 50 84.501
10 51 92.126
10 53 54.764
10 56 33.183
10 58 62.268
10 59 37.645
10 64 9.920
10 67 98.999
10 68 16.619
10 69 47.696
10 71 9.070
10 72 23.367
10 73 68.388
10 74 26.321
10 75 59.164
10 76 9.202
10 80 9.385
10 83 85.138
10 87 65.821
10 92 78.743
10 93 3.487
10 94 16.650
10 95 76.785
10 98 86.540
11 13 90.490
11 14 37.710
11 16 81.265
11 17 28.626
11 20 1.651
11 21 42.210
11 23 96.042
11 25 87.334
11 26 97.440
11 31 74.399
11 35 82.189
11 36 6.637
11 37 76.775
11 38 13.841
11 43 70.450
11 44 26.305
11 45 23.361
11 47 16.624
11 48 11.688
11 50 63.740
11 53 26.705
11 55 94.946
11 58 5.761
11 61 51.792
11 64 84.012
11 70 46.729
11 71 24.453
11 80 8.874
11 82 16.545
11 85 40.617
11 87 79.049
11 92 60.376
11 95 5.495
11 97 8.911
11 98 54.630
11 99 26.109
12 13 43.100
12 14 96.680
12 17 16.817
12 19 49.902
12 22 18.759
12 23 25.294
12 25 0.593
12 28 45.019
12 29 56.541
12 30 26.083
12 33 57.646
12 34 82.159
12 35 75.522
12 36 84.803
12 39 1.390
12 41 18.713
12 43 75.352
12 44 45.750
12 45 60.616
12 46 71.284
12 49 59.928
12 50 84.662
12 51 47.189
12 52 89.851
12 55 91.312
12 56 43.088
12 59 6.383
12 60 40.812
12 62 47.522
12 63 42.556
12 66 54.220
12 68 10.408
12 70 44.041
12 72 89.027
12 73 9.961
12 74 57.984
12 76 66.987
12 77 22.012
12 78 56.943
12 80 76.396
12 81 34.053
12 82 8.957
12 83 65.693
12 84 19.360
12 87 64.051
12 88 63.636
12 90 27.141
12 92 75.117
12 93 5.799
12 94 97.931
12 95 8.197
13 14 51.741
13 16 67.560
13 21 85.398
13 24 42.828
13 26 53.467
13 27 93.912
13 30 87.578
13 32 16.952
13 35 41.755
13 36 20.860
13 37 38.603
13 38 2.785
13 39 49.803
13 40 18.128
13 43 45.894
13 46 92.251
13 47 45.144
13 48 42.163
13 51 2.262
13 52 25.233
13 55 15.130
13 58 77.321
13 59 49.639
13 60 13.109
13 61 29.218
13 65 98.516
13 68 28.651
13 71 98.640
13 73 77.975
13 74 40.019
13 76 27.584
13 78 8.275
13 79 53.777
13 80 16.703
13 81 32.118
13 85 24.097
13 86 87.359
13 89 34.378
13 93 10.282
13 94 4.558
13 96 46.545
13 98 86.043
13 99 37.635
14 16 53.295
14 21 79.010
14 22 35.859
14 23 73.871
14 27 45.384
14 30 95.844
14 31 62.738
14 32 68.325
14 35 30.912
14 38 88.884
14 43 42.258
14 45 81.365
14 46 32.564
14 49 78.340
14 50 53.225
14 53 35.739
14 56 54.317
14 59 21.167
14 61 18.825
14 65 87.248
14 67 67.838
14 70 68.305
14 71 18.641
14 72 95.966
14 74 25.818
14 82 45.787
14 85 46.849
14 88 84.503
14 90 77.411
14 93 79.815
14 94 61.757
14 95 85.222
15 17 43.804
15 18 73.748
15 19 53.271
15 22 23.640
15 23 36.865
15 25 63.201
15 26 77.259
15 28 61.510
15 29 91.380
15 30 82.279
15 31 44.479
15 32 6.740
15 33 2.267
15 37 11.210
15 39 25.072
15 40 49.644
15 41 19.854
15 42 37.873
15 44 58.961
15 45 37.854
15 46 60.181
15 51 16.560
15 53 19.873
15 54 24.870
15 55 28.473
15 58 23.183
15 61 3.892
15 63 61.878
15 64 82.493
15 65 28.519
15 66 96.351
15 67 41.538
15 68 74.529
15 70 85.969
15 73 80.622
15 75 1.851
15 76 69.723
15 77 7.948
15 78 96.678
15 83 8.131
15 84 84.396
15 89 19.002
15 91 19.071
15 92 36.421
15 95 96.904
16 19 27.454
16 23 71.380
16 25 35.970
16 27 11.527
16 28 46.477
16 29 49.519
16 31 16.961
16 32 94.855
16 33 29.362
16 34 90.543
16 38 30.562
16 39 8.331
16 40 37.017
16 44 99.263
16 45 92.102
16 51 4.001
16 54 87.236
16 58 4.688
16 62 99.774
16 63 50.957
16 65 48.219
16 66 3.620
16 69 71.610
16 71 4.292
16 73 20.477
16 74 98.772
16 76 57.678
16 78 61.368
16 79 50.736
16 81 65.830
16 83 62.544
16 90 66.539
16 91 64.656
16 92 5.376
16 94 41.412
16 95 55.020
16 96 40.013
16 97 88.121
16 98 32.451
17 18 97.456
17 19 30.977
17 21 62.210
17 24 27.484
17 26 15.824
17 27 33.942
17 32 82.295
17 34 62.100
17 36 90.847
17 38 72.428
17 40 84.948
17 41 31.247
17 50 45.639
17 54 90.670
17 55 46.594
17 57 38.605
17 58 9.772
17 59 71.734
17 60 74.036
17 69 9.082
17 71 8.827
17 72 94.048
17 73 66.230
17 76 72.849
17 78 7.255
17 81 65.942
17 85 6.792
17 88 57.404
17 89 66.991
17 91 9.495
17 93 56.123
17 96 88.141
17 97 38.620
17 98 91.511
18 22 73.231
18 27 86.327
18 28 13.357
18 30 68.145
18 35 23.903
18 37 8.222
18 41 6.371
18 43 13.499
18 47 70.547
18 51 92.537
18 53 25.475
18 55 78.174
18 57 23.051
18 62 83.369
18 63 82.206
18 66 58.805
18 67 20.531
18 69 73.033
18 71 31.516
18 72 69.612
18 73 56.905
18 74 58.803
18 75 10.867
18 79 2.692
18 81 0.945
18 82 97.419
18 83 11.332
18 88 39.735
18 89 10.137
18 92 70.258
18 93 45.820
18 94 3.262
19 26 65.456
19 28 18.424
19 30 27.832
19 32 64.340
19 33 74.525
19 34 17.478
19 35 77.970
19 37 95.520
19 42 66.097
19 43 8.456
19 44 47.476
19 45 66.186
19 46 90.807
19 49 59.969
19 50 5.760
19 51 87.553
19 54 34.641
19 59 62.250
19 60 75.380
19 61 28.220
19 62 44.986
19 63 7.772
19 65 43.627
19 66 75.609
19 67 6.055
19 68 74.263
19 69 89.389
19 74 95.938
19 75 43.275
19 76 9.035
19 78 45.561
19 83 42.015
19 84 92.146
19 85 32.007
19 86 26.442
19 89 23.249
19 92 43.666
19 93 60.415
19 95 95.832
19 98 85.838
20 21 14.692
20 23 36.303
20 28 65.796
20 36 12.303
20 39 89.830
20 44 25.806
20 48 67.936
20 49 17.233
20 51 57.481
20 54 93.874
20 55 4.683
20 56 39.201
20 60 11.583
20 61 83.033
20 62 3.664
20 68 52.844
20 72 29.166
20 73 34.123
20 74 49.641
20 75 70.673
20 76 36.220
20 78 25.772
20 81 12.484
20 82 85.466
20 83 65.349
20 84 47.034
20 85 75.538
20 87 23.894
20 88 70.413
20 89 20.890
20 90 24.006
20 91 25.019
20 92 45.021
20 93 42.339
20 94 20.547
20 95 63.861
20 96 43.161
20 97 6.183
20 98 24.973
20 99 19.236
21 22 81.931
21 25 47.727
21 27 56.082
21 29 63.083
21 30 62.487
21 33 81.022
21 37 7.302
21 38 78.133
21 39 72.298
21 42 33.286
21 43 62.193
21 49 51.750
21 50 24.059
21 52 5.417
21 53 11.823
21 58 41.199
21 61 73.160
21 64 23.897
21 66 2.170
21 67 92.127
21 69 84.129
21 73 62.443
21 74 58.157
21 75 71.272
21 76 35.890
21 78 85.516
21 79 27.316
21 80 0.164
21 81 68.427
21 82 53.278
21 83 33.700
21 84 15.970
21 85 1.385
21 86 80.242
21 88 23.604
21 89 86.356
21 93 96.042
21 95 78.480
21 97 5.806
21 98 76.192
22 24 3.897
22 25 51.166
22 29 14.397
22 30 89.582
22 31 0.955
22 34 15.908
22 38 40.489
22 39 71.742
22 46 56.998
22 47 63.148
22 48 77.194
22 49 57.717
22 50 11.259
22 52 70.593
22 53 51.206
22 55 91.019
22 59 13.083
22 60 82.097
22 61 20.378
22 63 33.290
22 65 12.957
22 66 32.495
22 71 39.653
22 72 15.461
22 73 19.969
22 76 10.238
22 77 58.115
22 79 69.634
22 80 14.350
22 82 91.865
22 83 52.345
22 85 64.488
22 86 91.958
22 87 91.115
22 88 8.398
22 89 39.148
22 91 34.874
22 92 97.839
22 93 26.872
22 94 46.379
22 96 22.810
22 97 3.727
22 98 71.151
22 99 89.864
23 26 49.365
23 27 6.944
23 28 11.801
23 29 28.949
23 30 40.651
23 37 26.617
23 38 64.314
23 39 7.432
23 40 42.139
23 42 36.132
23 45 84.998
23 48 67.807
23 49 85.365
23 50 10.621
23 51 10.522
23 52 57.920
23 53 43.313
23 57 90.796
23 60 57.635
23 62 70.482
23 63 87.555
23 65 93.305
23 66 90.343
23 67 60.445
23 68 51.622
23 69 19.075
23 72 96.899
23 73 31.600
23 74 18.275
23 75 92.402
23 76 40.836
23 78 49.314
23 80 79.984
23 84 6.356
23 85 76.246
23 89 64.556
23 90 42.847
23 91 51.400
23 93 54.504
23 94 69.562
23 95 21.716
24 29 65.694
24 34 80.465
24 35 74.022
24 38 67.737
24 39 13.992
24 40 85.904
24 42 76.981
24 43 84.718
24 45 30.630
24 46 46.291
24 48 44.356
24 53 75.916
24 55 1.545
24 56 77.886
24 59 85.333
24 61 29.494
24 62 77.392
24 63 29.704
24 65 16.936
24 69 41.405
24 71 24.268
24 73 72.492
24 76 15.951
24 77 29.141
24 78 86.785
24 81 27.500
24 82 77.509
24 84 9.292
24 85 62.062
24 90 0.675
24 92 95.821
24 94 19.406
24 96 99.225
24 97 10.087
24 98 61.770
24 99 40.408
25 26 79.674
25 27 20.017
25 29 11.547
25 30 41.841
25 32 89.746
25 33 58.689
25 35 9.140
25 41 28.900
25 47 5.584
25 48 50.393
25 49 50.281
25 53 50.690
25 55 90.136
25 57 41.817
25 61 15.101
25 67 79.359
25 69 49.633
25 72 93.142
25 75 10.758
25 76 28.222
25 79 42.132
25 81 33.078
25 82 11.944
25 85 97.125
25 86 87.589
25 88 65.872
25 89 93.962
25 94 62.769
25 97 70.810
25 98 40.808
25 99 22.523
26 28 40.935
26 32 77.350
26 34 62.022
26 36 97.219
26 42 55.242
26 43 15.367
26 46 84.906
26 48 76.048
26 50 81.089
26 51 85.593
26 55 25.138
26 61 6.544
26 62 11.615
26 64 95.677
26 68 16.847
26 69 38.189
26 70 73.579
26 71 62.606
26 73 94.609
26 74 0.398
26 77 40.155
26 80 72.799
26 84 69.835
26 85 44.187
26 86 4.150
26 89 37.655
26 90 37.213
26 94 28.227
26 95 41.568
26 96 55.283
26 97 67.190
26 98 52.982
26 99 53.656
27 29 2.122
27 31 20.162
27 32 62.126
27 34 19.735
27 35 26.866
27 38 85.605
27 40 65.320
27 41 75.602
27 42 31.638
27 43 51.688
27 44 8.402
27 46 37.443
27 47 14.734
27 48 90.791
27 50 58.002
27 52 59.784
27 53 55.335
27 54 65.198
27 56 71.669
27 60 93.453
27 62 61.337
27 63 60.523
27 65 26.713
27 66 98.244
27 72 16.236
27 75 32.583
27 78 63.462
27 79 80.350
27 81 67.858
27 84 50.352
27 90 14.333
27 91 50.544
27 92 6.485
27 95 27.912
27 98 39.774
28 29 32.885
28 30 13.078
28 32 64.509
28 33 93.824
28 35 19.380
28 40 46.342
28 41 89.166
28 42 65.877
28 44 38.290
28 46 8.569
28 49 18.403
28 50 29.726
28 53 33.658
28 55 45.130
28 58 57.225
28 60 45.335
28 61 68.005
28 62 3.133
28 64 7.090
28 65 47.264
28 66 87.354
28 67 45.750
28 69 92.752
28 70 69.233
28 72 65.176
28 73 16.883
28 74 29.781
28 76 16.698
28 77 78.020
28 80 18.939
28 81 46.446
28 83 81.550
28 86 9.623
28 88 71.394
28 91 18.671
28 93 94.154
28 97 74.105
28 98 61.080
28 99 10.229
29 30 90.284
29 34 89.855
29 35 90.073
29 37 57.413
29 38 1.270
29 40 88.513
29 43 53.151
29 44 26.406
29 45 72.922
29 46 44.180
29 47 42.823
29 51 49.860
29 52 52.082
29 54 88.621
29 55 45.998
29 56 46.828
29 57 36.131
29 59 25.813
29 60 67.610
29 62 17.072
29 63 34.620
29 64 4.296
29 65 51.402
29 66 8.370
29 72 54.667
29 74 71.430
29 76 52.114
29 77 42.888
29 79 37.476
29 80 14.759
29 83 37.499
29 84 22.674
29 90 26.071
29 91 36.575
29 93 20.000
29 94 93.472
30 34 61.248
30 35 99.121
30 37 11.396
30 39 38.864
30 43 72.722
30 44 81.032
30 45 11.910
30 47 35.237
30 52 51.378
30 55 93.104
30 56 9.148
30 58 79.578
30 59 95.735
30 62 87.364
30 63 88.572
30 65 65.525
30 66 78.047
30 67 30.767
30 70 40.631
30 71 64.898
30 72 21.521
30 74 67.824
30 76 39.203
30 77 26.925
30 80 35.266
30 81 2.463
30 86 20.566
30 89 33.124
30 90 37.875
30 91 55.170
30 92 46.176
30 93 90.988
30 95 27.689
30 99 44.631
31 36 2.955
31 37 85.550
31 41 0.042
31 42 66.713
31 43 22.946
31 49 46.253
31 50 41.481
31 51 41.815
31 53 38.974
31 54 23.048
31 56 31.007
31 61 35.610
31 62 53.906
31 65 24.091
31 67 5.422
31 68 20.215
31 69 38.236
31 74 49.413
31 75 30.416
31 87 27.152
31 88 24.173
31 92 49.823
31 94 79.342
31 97 65.982
32 33 59.812
32 36 77.179
32 37 89.990
32 38 44.205
32 39 92.751
32 40 7.973
32 41 7.632
32 42 79.998
32 44 7.140
32 48 62.994
32 49 63.595
32 50 79.498
32 52 96.214
32 53 38.168
32 55 81.808
32 56 99.076
32 57 74.968
32 58 95.340
32 59 44.165
32 61 20.528
32 63 10.705
32 67 16.860
32 68 83.937
32 71 56.276
32 75 44.637
32 78 50.055
32 79 67.107
32 80 46.799
32 88 33.678
32 91 19.216
32 94 25.510
32 96 52.123
32 97 30.142
32 98 6.128
32 99 24.160
33 44 71.056
33 45 25.207
33 46 56.177
33 47 94.186
33 48 62.091
33 51 47.666
33 53 74.861
33 56 67.339
33 59 32.641
33 60 71.244
33 65 69.300
33 66 45.751
33 69 26.386
33 70 33.021
33 73 31.664
33 76 43.824
33 80 58.674
33 81 16.092
33 84 30.729
33 86 81.187
33 88 68.328
33 89 71.472
33 91 46.254
33 93 59.735
34 35 45.406
34 36 84.487
34 38 90.278
34 40 51.131
34 42 89.046
34 43 85.027
34 46 75.689
34 52 81.323
34 53 5.855
34 54 91.406
34 55 57.985
34 57 33.863
34 59 50.236
34 63 21.423
34 69 5.617
34 71 37.572
34 72 62.039
34 73 88.963
34 74 82.038
34 76 60.624
34 82 76.617
34 83 69.256
34 84 51.004
34 85 6.608
34 86 38.042
34 87 54.996
34 88 9.023
34 89 72.194
34 93 48.712
34 94 69.968
34 96 31.016
34 97 58.363
34 98 52.907
35 38 44.641
35 46 95.433
35 47 48.869
35 49 38.946
35 51 65.069
35 52 55.611
35 55 35.344
35 56 18.717
35 59 22.492
35 60 32.197
35 61 63.120
35 63 54.443
35 65 1.089
35 66 93.222
35 67 80.879
35 68 99.228
35 69 19.325
35 70 16.234
35 71 68.854
35 72 71.269
35 76 66.655
35 77 80.255
35 81 98.889
35 84 94.243
35 86 72.852
35 87 36.942
35 91 20.374
35 92 23.485
35 98 37.475
36 39 66.855
36 41 53.649
36 47 36.383
36 48 25.396
36 49 56.636
36 50 61.941
36 51 42.339
36 52 84.208
36 56 20.558
36 57 79.955
36 58 77.107
36 61 15.682
36 65 86.564
36 66 36.400
36 67 84.512
36 68 95.793
36 69 49.813
36 70 14.249
36 72 81.705
36 75 21.806
36 78 73.653
36 79 2.572
36 81 12.486
36 82 27.870
36 83 74.500
36 86 61.133
36 91 88.024
36 94 60.704
36 95 79.190
36 96 96.540
36 97 90.021
36 98 47.554
37 38 52.169
37 40 58.043
37 45 41.939
37 46 23.860
37 47 72.808
37 48 75.447
37 50 52.954
37 52 60.816
37 53 51.295
37 55 29.455
37 59 14.224
37 62 0.292
37 65 50.591
37 67 83.967
37 69 94.460
37 70 67.007
37 72 61.626
37 73 80.012
37 74 22.910
37 76 55.896
37 78 16.526
37 81 89.427
37 82 8.139
37 85 53.393
37 88 63.262
37 89 79.320
37 90 72.163
37 91 94.873
37 97 75.003
37 98 93.646
38 39 66.768
38 40 58.050
38 44 91.411
38 47 11.572
38 48 77.578
38 49 61.971
38 52 20.456
38 53 19.189
38 54 34.276
38 56 94.041
38 59 99.767
38 61 71.582
38 65 32.441
38 70 84.481
38 71 88.983
38 73 97.348
38 78 34.994
38 82 65.924
38 85 78.004
38 86 23.329
38 87 84.778
38 94 65.978
38 95 74.871
38 97 27.343
39 40 5.300
39 42 5.716
39 44 32.515
39 45 37.869
39 48 47.878
39 49 19.317
39 53 87.788
39 55 24.786
39 57 14.837
39 58 10.108
39 61 76.142
39 62 14.793
39 63 20.351
39 66 69.577
39 69 90.446
39 70 86.836
39 71 64.221
39 75 86.705
39 79 28.338
39 80 70.420
39 81 43.906
39 86 60.729
39 87 63.608
39 88 59.471
39 89 67.300
39 90 30.214
39 91 92.497
39 92 42.054
39 93 52.350
39 94 48.583
39 95 50.587
39 97 49.508
39 98 90.333
40 41 13.209
40 42 92.168
40 43 67.799
40 45 80.834
40 46 61.638
40 49 56.983
40 53 94.134
40 57 75.932
40 59 30.531
40 60 56.871
40 66 96.026
40 68 81.703
40 69 95.672
40 71 24.248
40 72 56.708
40 75 76.366
40 76 32.176
40 77 86.855
40 81 98.070
40 82 87.274
40 84 25.398
40 85 46.428
40 86 25.743
40 87 20.511
40 91 7.356
40 92 86.582
40 95 85.355
40 96 76.511
40 97 3.116
41 42 85.749
41 44 61.501
41 46 76.632
41 48 67.208
41 49 45.281
41 50 39.375
41 52 72.716
41 56 19.711
41 57 9.147
41 59 7.171
41 60 3.769
41 61 32.031
41 62 28.754
41 65 53.283
41 67 20.627
41 69 5.750
41 71 90.664
41 72 23.232
41 78 80.097
41 80 69.337
41 81 60.437
41 84 1.173
41 86 64.237
41 89 22.771
41 91 5.931
41 94 70.442
41 96 43.571
41 98 24.775
42 43 31.465
42 44 55.118
42 46 0.415
42 50 96.760
42 53 47.413
42 55 70.684
42 56 39.657
42 59 22.000
42 62 98.987
42 63 0.493
42 65 39.402
42 66 1.931
42 72 19.138
42 82 55.434
42 84 50.277
42 87 11.562
42 88 42.985
42 89 16.909
42 91 21.433
42 93 81.170
42 94 75.155
42 97 86.802
42 98 80.802
43 44 99.918
43 49 33.894
43 50 18.433
43 56 20.390
43 57 48.723
43 62 62.735
43 63 40.971
43 65 3.348
43 66 85.346
43 67 26.401
43 71 80.086
43 72 13.468
43 73 31.776
43 74 80.501
43 76 97.351
43 78 4.721
43 79 46.606
43 83 77.707
43 84 45.387
43 88 78.166
43 89 5.588
43 91 91.771
43 93 91.026
43 94 37.052
43 95 69.952
43 97 86.829
44 45 22.604
44 46 30.470
44 47 72.631
44 49 83.629
44 51 59.340
44 52 99.267
44 56 34.262
44 58 4.057
44 59 55.704
44 62 61.551
44 66 63.634
44 68 46.968
44 69 77.233
44 70 1.763
44 71 33.448
44 72 77.048
44 74 97.985
44 77 16.468
44 79 58.568
44 80 49.732
44 83 66.488
44 84 42.695
44 85 73.649
44 87 99.378
44 89 18.915
44 90 11.004
44 91 36.161
44 92 11.860
44 93 23.374
44 94 71.355
44 96 58.090
44 97 77.426
44 99 12.677
45 47 1.674
45 48 37.991
45 49 49.818
45 52 52.895
45 53 54.763
45 56 66.163
45 57 6.010
45 58 79.066
45 61 51.755
45 63 36.873
45 65 68.361
45 66 2.729
45 67 57.908
45 68 55.142
45 69 33.637
45 71 84.994
45 72 68.852
45 73 66.467
45 74 5.564
45 79 45.840
45 81 51.042
45 82 31.924
45 84 39.705
45 85 35.272
45 87 32.972
45 88 38.880
45 89 7.378
45 90 31.989
45 92 51.728
45 93 11.186
45 96 89.509
45 97 39.384
45 98 89.664
46 47 8.492
46 49 83.519
46 51 12.521
46 53 88.096
46 56 80.009
46 57 43.025
46 58 73.525
46 60 90.148
46 63 68.400
46 64 77.997
46 70 18.511
46 72 90.643
46 73 61.024
46 76 79.254
46 78 87.853
46 79 25.313
46 83 41.260
46 84 76.440
46 85 54.271
46 90 32.860
46 92 42.093
46 93 16.807
47 49 54.958
47 50 71.106
47 51 14.312
47 52 75.504
47 53 7.599
47 54 18.304
47 57 94.007
47 61 34.561
47 62 86.865
47 63 33.702
47 64 40.317
47 65 21.362
47 66 35.313
47 68 2.056
47 69 62.450
47 72 62.979
47 73 96.853
47 76 61.359
47 77 54.931
47 81 23.322
47 82 30.709
47 83 56.995
47 86 87.183
47 87 4.127
47 90 87.912
47 91 25.747
47 92 71.664
47 94 43.554
47 95 30.800
47 98 27.406
47 99 86.077
48 49 57.488
48 53 38.235
48 55 15.578
48 56 43.031
48 57 85.626
48 59 5.728
48 62 34.080
48 68 82.938
48 70 64.569
48 74 76.211
48 75 27.716
48 76 9.717
48 78 6.109
48 79 13.271
48 81 19.766
48 82 6.741
48 83 85.258
48 87 1.499
48 90 10.532
48 91 47.701
48 93 77.887
48 94 27.192
48 95 0.798
48 97 67.297
48 98 91.228
49 51 94.144
49 52 58.789
49 53 92.957
49 54 96.406
49 56 15.659
49 57 10.399
49 60 83.076
49 61 72.617
49 67 6.913
49 68 30.534
49 69 62.929
49 70 54.859
49 73 67.013
49 74 60.239
49 75 45.133
49 80 67.069
49 81 38.595
49 82 22.922
49 83 73.718
49 85 94.734
49 88 91.346
49 90 19.131
49 92 45.995
49 99 42.398
50 52 1.377
50 55 68.778
50 56 30.699
50 57 41.659
50 59 50.421
50 60 30.468
50 65 99.500
50 66 74.219
50 67 48.608
50 72 69.589
50 74 22.326
50 77 3.772
50 79 98.487
50 82 37.228
50 85 22.320
50 86 3.454
50 89 76.411
50 90 21.526
50 92 97.954
50 93 69.151
50 94 22.406
50 96 45.246
50 98 15.607
51 52 89.801
51 55 85.827
51 56 75.323
51 57 59.992
51 58 85.261
51 62 53.741
51 63 74.799
51 64 18.783
51 66 99.701
51 67 31.419
51 68 36.809
51 69 55.979
51 72 51.288
51 73 85.120
51 75 33.555
51 76 27.032
51 79 58.727
51 80 39.970
51 81 45.461
51 85 40.352
51 89 64.692
51 90 83.903
51 91 51.252
51 92 94.903
51 94 40.766
51 97 57.592
52 56 63.174
52 58 34.393
52 60 81.019
52 62 19.853
52 64 54.592
52 67 90.532
52 71 0.738
52 72 85.381
52 73 34.257
52 75 87.917
52 81 26.614
52 83 43.503
52 85 83.865
52 86 23.440
52 88 7.307
52 90 35.731
52 92 78.256
52 94 14.029
52 95 57.191
52 96 34.285
52 97 38.461
52 98 10.068
53 55 26.872
53 61 26.348
53 63 32.169
53 69 28.680
53 70 72.105
53 71 97.228
53 72 46.384
53 74 33.454
53 75 60.363
53 77 1.051
53 78 4.686
53 79 85.490
53 80 54.488
53 82 5.499
53 84 86.131
53 86 28.746
53 88 26.245
53 90 83.923
53 93 2.103
53 94 14.358
53 96 3.038
53 97 34.915
53 98 40.979
54 55 38.249
54 57 32.970
54 58 20.765
54 59 67.787
54 61 94.064
54 62 94.665
54 66 33.122
54 69 79.033
54 70 3.745
54 71 6.160
54 73 15.991
54 75 90.438
54 77 61.311
54 78 9.328
54 79 65.231
54 82 22.325
54 83 69.056
54 84 15.650
54 86 80.526
54 87 5.304
54 88 54.392
54 91 39.399
54 93 16.449
54 94 38.254
54 95 81.835
54 97 86.886
55 56 26.719
55 57 98.083
55 59 86.836
55 61 37.229
55 62 75.467
55 63 45.918
55 65 48.696
55 66 95.700
55 68 23.840
55 72 16.107
55 73 63.240
55 76 3.002
55 80 52.157
55 83 30.180
55 84 41.628
55 85 33.705
55 86 48.516
55 88 67.228
55 92 97.595
55 95 9.102
55 98 80.067
55 99 35.212
56 57 2.246
56 59 15.656
56 61 38.589
56 64 62.625
56 66 8.967
56 67 76.508
56 69 25.253
56 72 98.000
56 75 82.456
56 76 43.850
56 78 24.342
56 79 72.528
56 86 0.371
56 87 82.762
56 89 57.818
56 91 5.816
56 92 42.854
56 94 8.265
56 95 94.638
56 96 61.773
56 97 41.955
56 98 49.178
57 58 38.703
57 62 78.327
57 64 34.326
57 66 35.151
57 73 24.283
57 74 23.183
57 75 40.822
57 76 44.252
57 77 59.222
57 78 82.954
57 79 86.358
57 80 46.445
57 82 51.681
57 84 18.892
57 85 74.347
57 89 57.630
57 90 33.666
57 92 20.518
57 98 81.602
57 99 86.268
58 61 26.216
58 64 65.207
58 65 53.895
58 66 37.839
58 68 78.337
58 71 5.020
58 73 38.668
58 74 0.130
58 75 53.261
58 77 64.944
58 78 14.244
58 79 93.192
58 82 29.554
58 85 63.664
58 86 22.897
58 87 93.085
58 93 68.738
58 96 50.210
58 98 25.987
59 60 43.323
59 65 99.037
59 70 9.489
59 76 79.094
59 78 6.711
59 79 20.687
59 81 63.073
59 82 79.611
59 83 64.861
59 84 16.903
59 94 89.933
59 96 98.396
59 97 39.350
59 99 91.518
60 61 5.876
60 63 28.572
60 64 27.485
60 65 56.362
60 67 56.489
60 68 76.092
60 69 64.093
60 70 2.218
60 71 50.541
60 72 53.442
60 73 38.668
60 76 83.467
60 79 2.167
60 80 52.458
60 81 27.823
60 84 39.525
60 87 51.191
60 91 19.231
60 92 73.848
60 93 92.780
60 94 67.784
60 97 61.307
61 63 25.820
61 64 85.750
61 68 63.385
61 69 72.346
61 71 36.972
61 73 12.579
61 75 3.083
61 76 77.131
61 78 19.477
61 79 26.348
61 80 37.712
61 81 78.061
61 82 29.769
61 84 27.487
61 89 71.066
61 93 30.544
61 94 13.237
61 95 13.183
61 96 55.235
61 97 91.980
61 98 13.424
62 64 91.756
62 67 20.422
62 68 48.681
62 69 16.428
62 72 44.963
62 73 56.699
62 74 26.533
62 75 56.738
62 76 2.743
62 77 55.157
62 78 65.378
62 80 90.857
62 81 46.342
62 82 10.403
62 83 94.697
62 84 11.950
62 85 78.790
62 87 63.053
62 88 23.882
62 90 6.391
62 94 63.820
62 95 78.692
62 96 40.921
62 98 24.181
63 65 51.006
63 68 59.177
63 70 12.879
63 72 61.074
63 74 97.062
63 75 58.652
63 78 11.585
63 81 66.619
63 82 39.239
63 84 62.560
63 86 56.075
63 87 5.945
63 88 74.623
63 96 24.532
63 99 62.017
64 65 35.150
64 68 44.823
64 69 72.057
64 70 54.791
64 71 17.137
64 72 46.892
64 73 84.180
64 76 5.952
64 78 67.819
64 81 11.023
64 85 82.547
64 87 71.634
64 88 24.812
64 89 57.278
64 91 77.391
64 92 88.814
64 93 28.280
64 94 27.404
64 95 29.617
65 66 56.349
65 69 4.471
65 70 61.904
65 71 69.371
65 72 45.360
65 73 86.787
65 74 2.803
65 75 55.846
65 76 28.536
65 77 79.851
65 80 7.712
65 83 25.333
65 88 13.679
65 89 72.716
65 96 77.099
65 97 60.574
65 99 79.234
66 68 44.942
66 70 61.026
66 77 3.260
66 79 79.122
66 86 5.030
66 87 71.896
66 89 13.484
66 91 41.601
66 95 52.925
66 96 48.136
66 98 14.280
66 99 99.283
67 69 1.852
67 71 81.725
67 73 43.823
67 74 59.453
67 79 92.944
67 82 51.519
67 84 22.124
67 85 31.776
67 86 60.379
67 87 90.433
67 88 17.672
67 91 35.140
67 92 12.574
67 94 82.944
67 96 91.753
67 97 79.499
67 99 90.820
68 70 96.686
68 73 72.686
68 74 85.962
68 75 31.722
68 77 72.477
68 79 2.201
68 80 97.670
68 85 28.498
68 88 25.928
68 91 64.241
68 92 63.308
68 96 40.203
69 70 73.102
69 72 5.521
69 75 99.999
69 78 68.910
69 82 97.863
69 84 65.847
69 85 60.441
69 86 5.536
69 87 42.226
69 88 46.044
69 92 82.981
69 93 8.015
69 95 93.166
69 96 84.262
69 97 28.481
70 71 79.945
70 72 60.296
70 73 71.818
70 75 21.764
70 79 96.796
70 81 79.671
70 83 63.686
70 84 31.660
70 85 0.327
70 88 25.510
70 89 2.094
70 91 83.303
70 92 85.846
70 93 67.851
70 96 78.108
70 97 68.808
71 72 56.143
71 74 43.339
71 75 95.888
71 80 5.821
71 82 76.272
71 85 80.038
71 86 77.489
71 90 23.093
71 91 66.224
71 93 14.003
71 94 2.917
71 96 51.368
71 97 70.284
71 99 24.048
72 74 23.204
72 76 30.047
72 78 47.827
72 80 18.679
72 88 95.717
72 90 84.824
72 91 97.001
72 92 25.053
72 93 28.914
72 96 83.575
72 97 61.717
73 74 58.693
73 76 68.668
73 77 50.388
73 78 68.302
73 85 36.444
73 86 80.278
73 88 10.282
73 90 72.756
73 91 69.442
73 92 80.534
73 94 55.485
73 95 84.899
73 96 53.677
73 99 92.753
74 75 17.160
74 77 69.768
74 78 7.059
74 80 70.531
74 81 53.346
74 82 88.170
74 83 43.095
74 84 92.138
74 86 33.281
74 87 23.019
74 88 68.206
74 89 71.609
74 92 67.738
74 93 83.547
74 94 12.326
74 95 5.283
74 97 51.745
74 98 78.573
74 99 73.927
75 76 27.962
75 77 94.359
75 78 82.359
75 79 18.094
75 80 53.160
75 81 22.717
75 82 67.322
75 85 36.838
75 87 58.003
75 88 80.348
75 90 78.690
75 98 23.265
75 99 8.458
76 77 92.390
76 79 68.580
76 80 12.094
76 82 27.850
76 83 45.365
76 84 25.986
76 87 20.314
76 88 5.154
76 92 82.025
76 94 36.325
76 95 36.962
77 78 62.423
77 80 59.457
77 82 21.621
77 83 52.025
77 84 23.741
77 86 62.690
77 87 62.054
77 92 27.460
77 93 0.241
77 94 2.082
77 95 87.710
77 96 38.112
77 97 69.591
77 98 86.750
77 99 59.709
78 81 72.276
78 85 8.699
78 88 91.561
78 89 97.855
78 90 49.159
78 91 86.877
78 92 9.300
78 94 1.705
79 82 42.448
79 83 22.118
79 86 10.622
79 87 61.508
79 92 70.862
79 94 20.595
79 98 24.928
79 99 83.655
80 84 33.722
80 85 60.032
80 91 37.158
80 95 2.198
80 96 96.455
81 82 90.621
81 83 7.413
81 86 64.507
81 87 7.220
81 89 32.285
81 90 79.769
81 91 86.128
81 93 40.218
81 95 25.937
81 99 42.917
82 83 14.106
82 84 45.698
82 85 26.352
82 91 93.040
82 93 92.166
82 95 87.786
82 98 27.109
82 99 16.578
83 91 67.709
83 92 92.384
83 93 55.089
83 94 34.563
83 96 10.639
84 85 19.884
84 87 10.686
84 88 26.452
84 89 16.009
84 91 1.384
84 93 12.333
84 94 69.687
84 96 52.633
84 99 89.831
85 89 37.655
85 90 94.486
85 91 68.490
85 98 9.601
86 87 80.989
86 88 62.470
86 89 87.234
86 91 53.203
86 93 67.050
86 94 65.372
86 97 97.249
87 88 16.545
87 90 11.973
87 91 29.036
87 92 4.243
87 93 87.100
87 94 71.513
87 95 33.472
87 96 77.994
87 97 43.987
87 99 54.062
88 93 99.115
88 95 8.260
88 96 92.394
88 97 99.474
88 99 18.070
89 93 81.083
89 94 19.780
89 96 16.041
89 99 38.958
90 93 9.230
90 95 64.707
90 96 63.308
90 98 64.911
91 93 57.378
91 94 89.082
91 95 39.836
91 96 36.644
91 97 68.878
91 98 28.409
91 99 34.042
92 93 74.075
92 95 36.974
92 98 23.254
93 94 3.447
93 96 40.728
93 97 78.550
93 98 2.050
93 99 91.357
94 95 82.745
94 96 56.967
95 96 46.844
95 97 52.142
96 98 53.387
96 99 51.294
97 98 83.097
97 99 52.717
98 99 50.332
