50
0 1 15.857
0 4 49.669
0 5 36.924
0 6 12.669
0 9 10.569
0 11 52.240
0 13 19.142
0 14 33.006
0 16 25.967
0 17 75.073
0 18 88.862
0 20 94.269
0 21 78.119
0 22 13.857
0 23 62.308
0 25 43.348
0 27 17.232
0 29 72.806
0 31 87.836
0 32 58.916
0 33 42.981
0 34 14.387
0 42 75.991
0 43 70.177
0 44 95.695
0 46 83.662
0 48 2.268
0 49 5.193
1 4 71.400
1 5 22.750
1 10 97.972
1 11 71.765
1 14 93.386
1 17 55.216
1 22 34.486
1 23 80.509
1 25 10.196
1 26 26.784
1 27 0.708
1 29 51.295
1 30 45.890
1 31 66.649
1 33 42.903
1 39 97.139
1 40 94.707
1 42 65.286
1 45 26.574
1 46 57.291
1 47 88.854
2 3 33.890
2 7 58.111
2 8 1.983
2 9 90.553
2 15 60.409
2 16 57.380
2 19 53.047
2 21 8.905
2 23 25.185
2 25 72.034
2 29 19.178
2 30 69.647
2 33 33.864
2 38 13.322
2 39 36.463
2 40 76.382
2 41 62.380
2 42 90.899
2 45 55.800
2 48 62.740
3 4 29.027
3 6 47.610
3 7 6.643
3 8 99.852
3 9 87.161
3 11 95.153
3 12 37.936
3 13 70.686
3 14 73.505
3 15 71.140
3 18 42.074
3 20 39.499
3 22 9.077
3 23 31.444
3 27 44.219
3 30 65.144
3 31 58.431
3 32 20.731
3 39 11.029
3 40 84.627
3 41 70.286
3 44 6.052
3 45 19.085
3 47 97.712
4 5 86.853
4 6 91.779
4 8 21.939
4 9 79.764
4 11 47.822
4 12 2.306
4 13 20.614
4 15 50.862
4 17 28.040
4 21 22.010
4 23 41.219
4 25 84.021
4 27 1.318
4 30 55.440
4 33 86.537
4 40 99.991
4 41 10.044
4 43 50.918
4 45 63.227
4 46 21.526
5 7 53.730
5 8 99.184
5 9 22.749
5 10 16.427
5 11 28.338
5 14 49.789
5 16 9.304
5 19 39.607
5 20 91.834
5 23 9.028
5 25 49.186
5 28 78.295
5 32 75.549
5 38 14.825
5 42 13.918
5 43 20.007
5 46 34.128
5 47 92.388
6 7 79.537
6 10 28.739
6 11 61.842
6 12 43.492
6 14 71.146
6 15 42.397
6 16 57.973
6 18 23.988
6 19 95.807
6 21 84.679
6 22 2.139
6 23 33.276
6 24 87.951
6 33 3.211
6 34 80.278
6 35 85.359
6 38 40.564
6 39 95.483
6 40 20.940
6 41 55.599
6 42 42.060
6 44 48.807
6 45 68.177
7 8 50.813
7 9 45.979
7 11 34.638
7 12 67.125
7 14 51.862
7 18 69.526
7 20 44.818
7 21 38.270
7 22 50.247
7 23 85.154
7 24 66.490
7 25 61.189
7 27 69.769
7 33 55.518
7 34 22.266
7 35 51.857
7 36 90.535
7 37 17.456
7 38 90.329
7 41 61.848
7 42 41.416
7 43 22.246
7 48 28.119
7 49 35.074
8 9 6.407
8 11 67.015
8 14 47.644
8 15 92.973
8 16 20.310
8 17 89.546
8 18 23.597
8 19 7.757
8 21 17.692
8 22 31.759
8 23 31.091
8 24 77.998
8 25 66.776
8 26 74.656
8 27 29.349
8 28 88.856
8 29 49.735
8 34 54.799
8 38 71.933
8 41 59.962
8 42 6.762
8 45 83.127
8 47 25.707
8 49 31.083
9 10 30.862
9 11 88.450
9 15 41.160
9 16 54.620
9 17 61.807
9 19 74.866
9 20 17.621
9 22 74.949
9 24 33.062
9 26 20.058
9 27 87.281
9 28 27.150
9 30 20.692
9 33 81.886
9 34 6.083
9 36 21.705
9 38 61.688
9 42 20.639
9 45 17.094
10 11 61.928
10 13 7.175
10 16 46.077
10 17 25.085
10 19 91.024
10 20 51.618
10 21 77.915
10 22 91.179
10 23 38.351
10 24 13.403
10 26 30.390
10 28 13.067
10 32 82.411
10 35 78.766
10 37 62.442
10 38 39.061
10 40 1.904
10 41 72.137
10 43 72.639
10 44 2.543
10 46 22.578
10 47 87.205
11 12 54.635
11 13 68.005
11 14 44.955
11 17 30.224
11 20 29.470
11 23 44.507
11 24 8.831
11 25 67.263
11 26 62.778
11 27 37.657
11 28 47.974
11 30 41.301
11 31 94.223
11 32 0.174
11 33 52.806
11 35 18.376
11 36 71.923
11 39 81.731
11 40 19.351
11 41 84.745
11 43 30.134
11 47 11.373
12 13 17.887
12 15 92.288
12 16 22.622
12 19 93.090
12 20 64.057
12 21 93.681
12 22 20.910
12 23 15.311
12 24 71.001
12 25 25.191
12 26 31.328
12 27 14.446
12 29 11.412
12 30 85.918
12 31 67.012
12 35 89.378
12 36 50.071
12 37 56.469
12 38 36.709
12 41 50.642
12 42 66.636
12 43 53.535
12 45 23.009
12 46 37.657
12 47 5.963
12 48 99.508
13 15 38.551
13 17 91.586
13 20 20.681
13 21 84.842
13 23 96.407
13 24 92.271
13 25 67.860
13 27 90.337
13 28 66.173
13 29 59.467
13 31 58.924
13 32 63.252
13 34 93.382
13 36 99.236
13 39 11.417
13 40 82.298
13 41 18.212
13 45 75.386
13 47 39.947
14 15 13.740
14 16 61.446
14 17 76.330
14 18 92.339
14 21 53.290
14 22 81.631
14 23 79.064
14 24 41.593
14 29 28.714
14 30 77.578
14 31 58.029
14 34 32.247
14 35 88.901
14 36 78.693
14 41 92.470
14 42 43.284
14 43 82.469
14 44 43.322
14 47 48.612
15 16 87.956
15 17 8.152
15 19 85.479
15 20 78.376
15 22 86.511
15 25 2.910
15 26 24.372
15 28 89.831
15 32 39.661
15 34 47.058
15 37 59.500
15 38 94.305
15 39 14.528
15 40 15.724
15 41 91.048
15 42 5.832
15 44 8.046
15 48 55.278
16 18 95.965
16 20 64.778
16 21 8.055
16 22 30.877
16 26 2.049
16 28 76.787
16 29 55.779
16 30 43.026
16 32 49.974
16 34 99.824
16 38 27.704
16 48 51.910
17 19 43.835
17 21 60.217
17 22 64.884
17 25 58.787
17 27 11.607
17 30 47.902
17 32 57.306
17 35 56.614
17 39 16.591
17 42 50.687
17 44 71.494
17 45 87.996
17 46 9.626
17 47 76.427
18 20 15.248
18 24 18.282
18 26 73.143
18 31 62.973
18 33 47.755
18 37 77.259
18 38 41.888
18 40 17.243
18 41 89.869
18 42 56.600
18 45 62.063
18 46 55.853
18 48 17.665
19 20 31.104
19 22 79.298
19 23 61.810
19 24 21.837
19 27 47.816
19 29 77.475
19 31 36.173
19 33 91.246
19 34 30.334
19 35 26.670
19 36 53.952
19 39 64.492
19 42 26.349
19 43 48.622
19 46 35.162
19 47 37.749
19 49 11.141
20 22 77.259
20 24 34.600
20 27 8.938
20 28 52.431
20 31 49.393
20 32 9.518
20 33 77.409
20 35 10.635
20 36 61.266
20 37 70.760
20 41 63.695
20 42 92.501
20 43 4.021
20 44 38.182
20 46 61.593
20 47 69.870
20 49 36.714
21 22 0.708
21 25 46.366
21 26 72.485
21 28 51.923
21 30 88.896
21 31 18.222
21 36 23.877
21 40 5.094
21 41 27.166
21 42 10.231
22 23 32.763
22 24 43.615
22 25 79.999
22 26 79.585
22 27 50.528
22 28 90.871
22 31 4.186
22 36 55.010
22 38 46.874
22 41 28.211
22 42 95.772
22 45 48.970
22 46 20.388
23 26 94.376
23 27 82.600
23 32 57.611
23 34 2.504
23 35 96.713
23 38 86.332
23 40 92.739
23 41 36.901
23 43 37.090
23 45 78.366
23 47 53.046
23 48 74.678
23 49 24.654
24 26 80.716
24 30 4.294
24 31 75.086
24 32 23.196
24 34 62.617
24 35 90.216
24 36 30.619
24 37 93.748
24 38 38.259
24 39 43.145
24 45 53.686
24 47 90.176
24 49 54.627
25 26 5.108
25 29 85.383
25 31 17.817
25 33 5.657
25 34 16.729
25 35 39.468
25 36 25.982
25 37 81.177
25 42 11.970
25 43 29.731
25 44 0.409
25 45 88.243
25 46 54.644
25 47 31.173
25 48 54.861
26 29 62.470
26 30 43.321
26 31 77.568
26 32 48.119
26 34 88.617
26 35 99.975
26 43 16.721
26 45 60.548
26 49 32.575
27 28 14.245
27 29 67.243
27 31 13.968
27 32 66.074
27 39 50.080
27 42 9.015
27 44 66.963
27 45 76.797
27 46 46.550
27 49 87.943
28 29 78.735
28 35 33.091
28 36 21.924
28 37 4.720
28 38 8.938
28 39 71.487
28 40 7.858
28 43 38.489
29 31 91.379
29 33 69.400
29 34 93.694
29 36 36.692
29 41 91.531
29 42 30.678
29 43 29.532
29 44 57.027
29 48 22.503
29 49 71.250
30 31 28.197
30 32 46.760
30 34 93.048
30 35 30.442
30 36 84.921
30 37 59.954
30 41 99.369
30 42 52.944
30 44 37.215
30 47 65.791
30 48 76.047
31 35 85.981
31 38 45.902
31 39 69.838
31 45 1.328
31 46 70.568
31 47 3.729
31 49 50.098
32 33 82.513
32 36 21.665
32 38 59.760
32 40 66.600
32 45 26.245
32 46 76.598
32 48 51.309
33 36 95.608
33 38 14.257
33 39 35.681
33 41 61.723
33 42 81.034
33 44 76.276
33 45 38.142
33 48 52.113
33 49 69.350
34 39 48.925
34 41 44.288
34 42 67.919
34 43 82.249
34 44 27.174
34 45 13.120
34 46 94.804
34 47 87.575
34 48 99.612
34 49 29.293
35 36 61.012
35 37 73.949
35 38 88.061
35 39 55.469
35 40 89.660
35 42 60.758
35 45 47.189
35 46 34.178
35 47 20.040
35 49 5.175
36 37 2.401
36 41 83.524
36 43 39.647
36 46 13.275
37 39 40.184
37 40 80.875
37 47 37.231
38 39 20.624
38 43 56.515
38 47 80.190
39 40 84.263
39 41 39.659
39 42 11.620
39 43 15.459
39 44 27.391
39 47 93.459
39 49 90.425
40 41 86.093
40 43 92.100
40 46 91.429
40 48 42.704
40 49 46.500
41 42 20.070
41 43 44.526
41 45 54.754
41 46 95.199
42 45 56.036
42 46 73.817
42 48 42.242
42 49 40.383
43 48 63.310
44 45 3.176
44 47 96.996
44 49 88.345
46 47 38.986
46 48 54.552
47 48 29.795
47 49 97.007
48 49 3.908
